60 A5
168 PSL(3,2)
360 A6
504 PSL(2,8)
660 PSL(2,11)
1092 PSL(2,13)
2448 PSL(2,17)
2520 A7
3420 PSL(2,19)
4080 PSL(2,16)
5616 PSL(3,3)
6048 PSU(3,3)
6072 PSL(2,23)
7800 PSL(2,25)
7920 M11
9828 PSL(2,27)
12180 PSL(2,29)
14880 PSL(2,31)
20160 A8
20160 PSL(3,4)
25308 PSL(2,37)
25920 O(5,3)
29120 Sz(8)
32736 PSL(2,32)
34440 PSL(2,41)
39732 PSL(2,43)
51888 PSL(2,47)
58800 PSL(2,49)
62400 PSU(3,4)
74412 PSL(2,53)
95040 M12
102660 PSL(2,59)
113460 PSL(2,61)
126000 PSU(3,5)
150348 PSL(2,67)
175560 J1
178920 PSL(2,71)
181440 A9
194472 PSL(2,73)
246480 PSL(2,79)
262080 PSL(2,64)
265680 PSL(2,81)
285852 PSL(2,83)
352440 PSL(2,89)
372000 PSL(3,5)
443520 M22
456288 PSL(2,97)
TOTAL 47
